0.07 0.06815254848648548 
0.21000000000000002 -0.08378814132492528 
0.35000000000000003 0.14373841742702112 
0.49000000000000005 0.019503904031207116 
0.6300000000000001 0.25667886129201134 
0.7700000000000001 0.04801318122483268 
0.9100000000000001 0.12900681591544289 
1.0500000000000003 -0.08626290943916409 
1.1900000000000004 0.31827517692856344 
1.3300000000000005 0.16960645396233112 
1.4700000000000006 0.10251638313816891 
1.6100000000000008 0.3039972458485434 
1.7500000000000009 0.19054457793518265 
1.890000000000001 0.20469301319601751 
2.030000000000001 0.32899048817016024 
2.1700000000000013 0.49865383648419426 
2.3100000000000014 0.1545968758392397 
2.4500000000000015 0.6010431822595973 
2.5900000000000016 0.34543622638158067 
2.7300000000000018 0.31086794741882945 
2.870000000000002 0.19197390561280145 
3.010000000000002 0.4568062113106912 
3.150000000000002 0.12827781972003355 
3.2900000000000023 0.603881160625381 
3.4300000000000024 0.6070345917606578 
3.5700000000000025 0.03235727908392454 
3.7100000000000026 1.1594188744211475 
3.8500000000000028 0.15911173304283185 
3.990000000000003 0.9197472484776346 
4.130000000000003 0.4995434613165412 
4.270000000000002 0.5563859460025228 
4.410000000000002 0.6104134525808126 
4.550000000000002 0.2639199009367868 
4.690000000000001 0.7340295559827593 
4.830000000000001 1.3523996692504574 
4.970000000000001 1.012424093159663 
5.11 0.2859812361416937 
5.25 -0.17295898657567751 
5.39 1.573974075237012 
5.529999999999999 0.6694356141825277 
5.669999999999999 2.00307435040329 
5.809999999999999 0.04140798345947541 
5.949999999999998 1.1218706431051193 
6.089999999999998 1.1579917819745322 
6.229999999999998 1.1106064488599632 
6.369999999999997 1.1962784554001855 
6.509999999999997 1.9894007531264355 
6.649999999999997 0.48536187077505205 
6.7899999999999965 0.22677641653271938 
