0.16 3.457281024987886 
0.48 1.1800715206715522 
0.8 0.9783058351558918 
1.12 0.6879472659071878 
1.4400000000000002 0.061683734387096845 
1.7600000000000002 -0.0227327297057614 
2.08 -0.21293731843331914 
2.4 -0.09276624599515865 
2.7199999999999998 -0.23674516840112847 
3.0399999999999996 -0.09669234790305875 
3.3599999999999994 -0.6624345185798505 
3.6799999999999993 -0.9212369147162099 
3.999999999999999 -1.0539814520522897 
4.319999999999999 -0.49384188828576203 
4.64 -0.5352006795239089 
4.96 -1.580200548790496 
5.28 -2.5118066974048587 
5.6000000000000005 -2.297152536389449 
5.920000000000001 -0.36781458351843044 
6.240000000000001 -2.140706431367509 
6.560000000000001 -7.082750276099778 
6.880000000000002 -4.016244513276634 
7.200000000000002 9.681284758357531 
7.520000000000002 -7.679711486249643 
