0.05 10.632809784553032 
0.15000000000000002 4.990395021510929 
0.25 2.969999532491636 
0.35 2.369165612723245 
0.44999999999999996 1.9599230968630188 
0.5499999999999999 1.5947061305896648 
0.6499999999999999 1.8065607649731819 
0.7499999999999999 1.2936056968826914 
0.8499999999999999 1.4012948738625886 
0.9499999999999998 0.5352488108341724 
1.0499999999999998 0.1147672356445506 
1.15 0.20761004600253763 
1.25 0.3082040780242812 
1.35 0.12375217427653684 
1.4500000000000002 -0.07815295809906697 
1.5500000000000003 -0.05080034959429103 
1.6500000000000004 -0.10514822998477502 
1.7500000000000004 -0.027986773050785452 
1.8500000000000005 -0.07548256715014912 
1.9500000000000006 -0.09579666759202521 
2.0500000000000007 -0.2480694193947519 
2.150000000000001 -0.2203035134828868 
2.250000000000001 -0.14000824472617968 
2.350000000000001 -0.16514802781287585 
2.450000000000001 -0.3541813784843395 
2.550000000000001 -0.38818872769486923 
2.6500000000000012 -0.505622553550138 
2.7500000000000013 -0.8224204702903659 
2.8500000000000014 -1.0270890513534736 
2.9500000000000015 -1.732256567308621 
3.0500000000000016 -1.1374995154459189 
3.1500000000000017 -1.0884997377090766 
3.2500000000000018 -1.05895902693657 
3.350000000000002 -1.190711976276324 
3.450000000000002 -1.1929229466464708 
3.550000000000002 -0.6992070307425458 
3.650000000000002 -0.9563730554035388 
3.750000000000002 -0.7581003284922971 
3.8500000000000023 -1.062853284491636 
3.9500000000000024 -1.3844280295303868 
4.0500000000000025 -2.0045032366255366 
4.150000000000002 -1.8530383871441636 
4.250000000000002 -2.015508956486931 
4.350000000000001 -1.2501021047339744 
4.450000000000001 -2.1258424622070127 
4.550000000000001 -2.3944214271311015 
4.65 -4.455213949495294 
4.75 -4.430146458098347 
4.85 -9.201613477100983 
