0.03 19.03058494873761 
0.09 8.649295688001901 
0.15 5.215048426560791 
0.21 4.882778920720036 
0.27 3.5451259517609746 
0.33 2.6412651047013886 
0.39 2.635946870049022 
0.45 2.63802275641926 
0.51 2.1433460581761805 
0.5700000000000001 2.122080657690114 
0.6300000000000001 2.2772509572909736 
0.6900000000000002 2.223715447874623 
0.7500000000000002 2.461716562466195 
0.8100000000000003 2.7246077748558437 
0.8700000000000003 3.7014352629148948 
0.9300000000000004 6.841223013678081 
0.9900000000000004 -4.242704209969188 
1.0500000000000005 -3.0152835338046544 
1.1100000000000005 -1.7882873231860628 
1.1700000000000006 -1.3515776695943358 
1.2300000000000006 -0.8852995267294661 
1.2900000000000007 -0.99016782144065 
1.3500000000000008 -0.3560472724266332 
1.4100000000000008 -0.4048136150916445 
1.4700000000000009 -0.36392290339880934 
1.530000000000001 -0.4093602049969558 
1.590000000000001 -0.47179030425403834 
1.650000000000001 -0.31102939265919005 
1.710000000000001 -0.33426971770863884 
1.7700000000000011 -0.5883279590207957 
1.8300000000000012 -0.2882324717399761 
1.8900000000000012 -0.46967349077062054 
1.9500000000000013 -0.42787258423545216 
2.010000000000001 0.08945986179598187 
2.070000000000001 -0.14488111399266757 
2.1300000000000012 -0.38802998367643377 
2.1900000000000013 -0.07074587010596675 
2.2500000000000013 -0.23070527772818633 
2.3100000000000014 -0.38307708943451 
2.3700000000000014 -0.2904604038516038 
2.4300000000000015 0.060135643635317315 
2.4900000000000015 -0.27695879603411766 
2.5500000000000016 -0.14115721160012917 
2.6100000000000017 -0.02333156394501342 
2.6700000000000017 -0.6212844873374923 
2.7300000000000018 -0.35268464667942057 
2.790000000000002 0.03659418534886309 
2.850000000000002 0.1612408360168812 
2.910000000000002 -0.4904942853890759 
