0.14 0.07160007303103665 
0.42000000000000004 0.06723113022459215 
0.7000000000000001 0.0564118754148342 
0.9800000000000001 0.039290977355083676 
1.2600000000000002 0.015966754470876296 
1.5400000000000003 0.012762943767190827 
1.8200000000000003 0.004435605469453993 
2.1000000000000005 -0.007252167631100619 
2.380000000000001 -0.019130441193576157 
2.660000000000001 -0.02416538465414975 
2.9400000000000013 -0.036833161599055766 
3.2200000000000015 -0.0371252589973308 
3.5000000000000018 -0.0362107652017432 
3.780000000000002 -0.022341222938900552 
4.060000000000002 -0.022679970814182267 
4.3400000000000025 -0.027700981496369702 
4.620000000000003 -0.02727506479633118 
4.900000000000003 -0.016262763145320856 
5.180000000000003 -0.005809126554242898 
5.4600000000000035 -0.007736501306986426 
5.740000000000004 -0.006013041167327108 
6.020000000000004 -0.0024965324182710893 
6.300000000000004 -0.002787478176284039 
6.5800000000000045 -9.177383007984641e-4 
