0.05 10.940654612985279 
0.15000000000000002 4.90964750850611 
0.25 3.1108468712690485 
0.35 2.2536365142623715 
0.44999999999999996 1.8626276887441051 
0.5499999999999999 1.7587672410569821 
0.6499999999999999 1.6953140223740482 
0.7499999999999999 1.4455164381127616 
0.8499999999999999 1.3079578130994296 
0.9499999999999998 0.6428212478685635 
1.0499999999999998 0.0214167826583056 
1.15 0.23849188793783505 
1.25 0.2696895954331868 
1.35 0.11023151479195192 
1.4500000000000002 -0.03453270765885197 
1.5500000000000003 -0.11503516543772463 
1.6500000000000004 -0.0673004479444339 
1.7500000000000004 -0.010422601220163585 
1.8500000000000005 -0.05071028885656137 
1.9500000000000006 -0.15273864577648233 
2.0500000000000007 -0.22149914766477874 
2.150000000000001 -0.23172348133710496 
2.250000000000001 -0.14927304293006927 
2.350000000000001 -0.13007408453196145 
2.450000000000001 -0.2919043550320044 
2.550000000000001 -0.46268462083665973 
2.6500000000000012 -0.5269366874641213 
2.7500000000000013 -0.7413992066975617 
2.8500000000000014 -1.209380683915513 
2.9500000000000015 -1.5891134099031845 
3.0500000000000016 -1.1815897738774694 
3.1500000000000017 -1.0929918873840982 
3.2500000000000018 -1.1233602484369332 
3.350000000000002 -1.07958544809728 
3.450000000000002 -1.0370968990663965 
3.550000000000002 -0.9191158315457226 
3.650000000000002 -0.8779851843036024 
3.750000000000002 -0.8653829170176142 
3.8500000000000023 -1.0375289845940916 
3.9500000000000024 -1.4630644552942584 
4.0500000000000025 -1.81672561158563 
4.150000000000002 -1.9377605527370445 
4.250000000000002 -1.6937555835860518 
4.350000000000001 -1.5778441420972378 
4.450000000000001 -1.9232634659703418 
4.550000000000001 -2.8410921556027002 
4.65 -3.995737256152143 
4.75 -4.587896545680765 
4.85 -9.2742125847733 
