0.03 18.331995190816446 
0.09 8.637964850674281 
0.15 5.742534802089298 
0.21 4.337058185534634 
0.27 3.484227435267906 
0.33 2.906320818033385 
0.39 2.5912554465267266 
0.45 2.428699449603696 
0.51 2.2790698318486236 
0.5700000000000001 2.237520616089765 
0.6300000000000001 2.2823780032526386 
0.6900000000000002 2.225752657143798 
0.7500000000000002 2.3368934453595376 
0.8100000000000003 2.703652272259379 
0.8700000000000003 3.768703214834357 
0.9300000000000004 6.857368082966775 
0.9900000000000004 -4.236563016033094 
1.0500000000000005 -3.142776217799755 
1.1100000000000005 -1.7680640152670866 
1.1700000000000006 -1.2404978679719125 
1.2300000000000006 -0.9273546575039612 
1.2900000000000007 -0.7293731527536467 
1.3500000000000008 -0.5579475736350685 
1.4100000000000008 -0.44475690480546193 
1.4700000000000009 -0.42277741743033115 
1.530000000000001 -0.39758456194795383 
1.590000000000001 -0.42095881224628595 
1.650000000000001 -0.3864122921520238 
1.710000000000001 -0.3886955683856552 
1.7700000000000011 -0.4142158840473457 
1.8300000000000012 -0.363143831418807 
1.8900000000000012 -0.3297056623393783 
1.9500000000000013 -0.25642267405482 
2.010000000000001 -0.23102470633623956 
2.070000000000001 -0.22231103528927618 
2.1300000000000012 -0.20690704204765858 
2.1900000000000013 -0.21820985202453497 
2.2500000000000013 -0.24079933677242002 
2.3100000000000014 -0.2363807443476122 
2.3700000000000014 -0.23130460969515987 
2.4300000000000015 -0.1724155192122175 
2.4900000000000015 -0.12225177974336532 
2.5500000000000016 -0.10053012210201237 
2.6100000000000017 -0.21348017682478 
2.6700000000000017 -0.405166102073092 
2.7300000000000018 -0.4238258467729258 
2.790000000000002 -0.17208571389038715 
2.850000000000002 0.3974034240419015 
2.910000000000002 -0.5600605618247675 
