0.08 6.920062449527436 
0.24 3.270266070610711 
0.4 1.8697710977769288 
0.56 1.1069788701131593 
0.7200000000000001 0.8905077212743251 
0.8800000000000001 0.9748203621623625 
1.04 1.0106117682665643 
1.2 0.7659701297560384 
1.3599999999999999 0.2936553047945295 
1.5199999999999998 -0.021940802015593674 
1.6799999999999997 -0.0275658498743947 
1.8399999999999996 0.027895977491157464 
1.9999999999999996 -0.11251638248810925 
2.1599999999999997 -0.2698028546314901 
2.32 -0.17945400258306543 
2.48 -0.054209744037311824 
2.64 -0.17644686843035218 
2.8000000000000003 -0.2910454814012059 
2.9600000000000004 -0.11684109474558446 
3.1200000000000006 -0.0014711982048082328 
3.2800000000000007 -0.2659133459761376 
3.440000000000001 -0.7244863101015075 
3.600000000000001 -1.0038965685334356 
3.760000000000001 -0.9079067286686643 
3.9200000000000013 -0.8677680847967578 
4.080000000000001 -1.1095813219387796 
4.240000000000001 -0.9948555083422239 
4.400000000000001 -0.4452605984534508 
4.560000000000001 -0.1635665647625406 
4.7200000000000015 -0.5096406401065345 
4.880000000000002 -1.0768296519232001 
5.040000000000002 -1.5280578732051853 
5.200000000000002 -2.2018139777440826 
5.360000000000002 -2.659379086056107 
5.520000000000002 -2.565058003353998 
5.680000000000002 -2.6053421209673853 
5.8400000000000025 -1.4769400019779277 
6.000000000000003 0.28855503148270123 
6.160000000000003 -0.24857335540081626 
6.320000000000003 -2.3243873389794665 
6.480000000000003 -4.777368773209995 
6.640000000000003 -7.4084465211660895 
6.800000000000003 -13.11191833048132 
6.9600000000000035 -27.399374244097263 
7.120000000000004 31.931069967606984 
7.280000000000004 14.833580803755186 
7.440000000000004 2.135886791489794 
7.600000000000004 -10.846842201360051 
7.760000000000004 -56.777022071204364 
